110	OND	8	H	   1.500	 999.000	250.
110	OND	10	H	   1.500	 999.000	250.
110	OND	11	H	   1.500	 999.000	250.
110	OND	13	H	   1.500	 999.000	250.
110	OND	14	H	   1.500	 999.000	250.
110	OND	15	H	   1.500	 999.000	250.
110	OND	16	H	   1.500	 999.000	250.
110	OND	17	H	   1.500	 999.000	250.
110	OND	19	H	   1.500	 999.000	250.
110	OND	22	H	   1.500	 999.000	250.
110	OND	23	H	   1.500	 999.000	250.
110	OND	24	H	   1.500	 999.000	250.
110	OND	25	H	   1.500	 999.000	250.
110	OND	27	H	   1.500	 999.000	250.
110	OND	28	H	   1.500	 999.000	250.
110	OND	29	H	   1.500	 999.000	250.
110	OND	31	H	   1.500	 999.000	250.
110	OND	44	H	   1.500	 999.000	250.
110	OND	46	H	   1.500	 999.000	250.
110	OND	47	H	   1.500	 999.000	250.
110	OND	48	H	   1.500	 999.000	250.
110	OND	50	H	   1.500	 999.000	250.
110	OND	53	H	   1.500	 999.000	250.
110	OND	56	H	   1.500	 999.000	250.
110	OND	57	H	   1.500	 999.000	250.
110	OND	64	H	   1.500	 999.000	250.
110	OND	65	H	   1.500	 999.000	250.
110	OND	70	H	   1.500	 999.000	250.
110	OND	74	H	   1.500	 999.000	250.
110	OND	80	H	   1.500	 999.000	250.
110	OND	84	H	   1.500	 999.000	250.
110	OND	87	H	   1.500	 999.000	250.
110	OND	89	H	   1.500	 999.000	250.
110	OND	91	H	   1.500	 999.000	250.
110	OND	96	H	   1.500	 999.000	250.
110	OND	97	H	   1.500	 999.000	250.
110	OND	98	H	   1.500	 999.000	250.
110	OND	100	H	   1.500	 999.000	250.
110	OND	126	H	   1.500	 999.000	250.
110	OND	127	H	   1.500	 999.000	250.
110	OND	128	H	   1.500	 999.000	250.
110	OND	129	H	   1.500	 999.000	250.
110	OND	130	H	   1.500	 999.000	250.
110	OND	131	H	   1.500	 999.000	250.
110	OND	133	H	   1.500	 999.000	250.
110	OND	135	H	   1.500	 999.000	250.
110	OND	136	H	   1.500	 999.000	250.
110	OND	138	H	   1.500	 999.000	250.
110	OND	139	H	   1.500	 999.000	250.
110	OND	143	H	   1.500	 999.000	250.
