110	OND	7	H	   1.467	   2.467	250.
110	OND	18	H	   1.396	   2.396	250.
110	OND	20	H	   1.419	   2.419	250.
110	OND	21	H	   1.347	   2.347	250.
110	OND	30	H	   1.201	   2.201	250.
110	OND	33	H	   1.488	   2.488	250.
110	OND	34	H	   1.257	   2.257	250.
110	OND	35	H	   1.429	   2.429	250.
110	OND	36	H	   1.252	   2.252	250.
110	OND	37	H	   1.167	   2.167	250.
110	OND	39	H	   1.047	   2.047	250.
110	OND	40	H	   1.130	   2.130	250.
110	OND	45	H	   1.197	   2.197	250.
110	OND	54	H	   1.492	   2.492	250.
110	OND	92	H	   1.346	   2.346	250.
110	OND	93	H	   1.401	   2.401	250.
110	OND	94	H	   1.124	   2.124	250.
110	OND	95	H	   1.249	   2.249	250.
110	OND	101	H	   1.317	   2.317	250.
110	OND	102	H	   1.175	   2.175	250.
110	OND	103	H	   1.071	   2.071	250.
110	OND	104	H	   0.983	   1.983	250.
110	OND	105	H	   1.073	   2.073	250.
110	OND	118	H	   1.011	   2.011	250.
110	OND	119	H	   0.999	   1.999	250.
110	OND	120	H	   1.081	   2.081	250.
110	OND	122	H	   1.064	   2.064	250.
110	OND	123	H	   1.375	   2.375	250.
