117	OND	7	H	   1.500	 999.000	250.
117	OND	8	H	   1.500	 999.000	250.
117	OND	9	H	   1.500	 999.000	250.
117	OND	10	H	   1.500	 999.000	250.
117	OND	11	H	   1.500	 999.000	250.
117	OND	12	H	   1.500	 999.000	250.
117	OND	13	H	   1.500	 999.000	250.
117	OND	14	H	   1.292	   2.292	250.
117	OND	15	H	   1.193	   2.193	250.
117	OND	16	H	   1.466	   2.466	250.
117	OND	17	H	   1.331	   2.331	250.
117	OND	18	H	   1.108	   2.108	250.
117	OND	19	H	   1.272	   2.272	250.
117	OND	20	H	   1.500	 999.000	250.
117	OND	21	H	   1.500	 999.000	250.
117	OND	22	H	   1.471	   2.471	250.
117	OND	23	H	   1.500	 999.000	250.
117	OND	24	H	   1.500	 999.000	250.
117	OND	25	H	   1.500	 999.000	250.
117	OND	26	H	   1.500	 999.000	250.
117	OND	27	H	   1.500	 999.000	250.
117	OND	28	H	   1.500	 999.000	250.
117	OND	29	H	   1.500	 999.000	250.
117	OND	30	H	   1.500	 999.000	250.
117	OND	31	H	   1.500	 999.000	250.
117	OND	34	H	   1.500	 999.000	250.
117	OND	35	H	   1.500	 999.000	250.
117	OND	36	H	   1.500	 999.000	250.
117	OND	37	H	   1.500	 999.000	250.
117	OND	39	H	   1.500	 999.000	250.
117	OND	40	H	   1.500	 999.000	250.
117	OND	45	H	   1.451	   2.451	250.
117	OND	46	H	   1.500	 999.000	250.
117	OND	47	H	   1.500	 999.000	250.
117	OND	48	H	   1.500	 999.000	250.
117	OND	49	H	   1.500	 999.000	250.
117	OND	50	H	   1.500	 999.000	250.
117	OND	52	H	   1.500	 999.000	250.
117	OND	53	H	   1.500	 999.000	250.
117	OND	54	H	   1.500	 999.000	250.
117	OND	55	H	   1.500	 999.000	250.
117	OND	56	H	   1.500	 999.000	250.
117	OND	57	H	   1.500	 999.000	250.
117	OND	58	H	   1.500	 999.000	250.
117	OND	59	H	   1.500	 999.000	250.
117	OND	60	H	   1.500	 999.000	250.
117	OND	61	H	   1.500	 999.000	250.
117	OND	62	H	   1.500	 999.000	250.
117	OND	65	H	   1.500	 999.000	250.
117	OND	67	H	   1.500	 999.000	250.
117	OND	69	H	   1.500	 999.000	250.
117	OND	70	H	   1.500	 999.000	250.
117	OND	74	H	   1.500	 999.000	250.
117	OND	81	H	   1.500	 999.000	250.
117	OND	84	H	   1.500	 999.000	250.
117	OND	85	H	   1.500	 999.000	250.
117	OND	87	H	   1.500	 999.000	250.
117	OND	89	H	   1.500	 999.000	250.
117	OND	91	H	   1.500	 999.000	250.
117	OND	94	H	   1.500	 999.000	250.
117	OND	95	H	   1.500	 999.000	250.
117	OND	96	H	   1.500	 999.000	250.
117	OND	97	H	   1.500	 999.000	250.
117	OND	98	H	   1.495	   2.495	250.
117	OND	100	H	   1.500	 999.000	250.
117	OND	101	H	   1.500	 999.000	250.
117	OND	102	H	   1.500	 999.000	250.
117	OND	103	H	   1.320	   2.320	250.
117	OND	104	H	   1.423	   2.423	250.
117	OND	105	H	   1.338	   2.338	250.
117	OND	106	H	   1.184	   2.184	250.
117	OND	109	H	   1.060	   2.060	250.
117	OND	110	H	   0.908	   1.908	250.
117	OND	111	H	   0.000	   1.700	250.
117	OND	112	H	   0.000	   1.700	250.
117	OND	113	H	   0.000	   1.700	250.
117	OND	114	H	   0.000	   1.700	250.
117	OND	116	H	   0.000	   1.700	250.
117	OND	118	H	   0.000	   1.700	250.
117	OND	119	H	   0.000	   1.700	250.
117	OND	120	H	   0.000	   1.700	250.
117	OND	121	H	   0.000	   1.700	250.
117	OND	122	H	   0.000	   1.700	250.
117	OND	123	H	   0.000	   1.700	250.
117	OND	126	H	   1.258	   2.258	250.
117	OND	127	H	   1.316	   2.316	250.
117	OND	128	H	   1.420	   2.420	250.
117	OND	129	H	   1.500	 999.000	250.
117	OND	130	H	   1.500	 999.000	250.
117	OND	131	H	   1.500	 999.000	250.
117	OND	132	H	   1.500	 999.000	250.
117	OND	133	H	   1.500	 999.000	250.
117	OND	134	H	   1.500	 999.000	250.
117	OND	135	H	   1.500	 999.000	250.
117	OND	136	H	   1.500	 999.000	250.
117	OND	139	H	   1.500	 999.000	250.
117	OND	143	H	   1.500	 999.000	250.
117	OND	146	H	   1.500	 999.000	250.
