117	OND	14	H	   1.292	   2.292	250.
117	OND	15	H	   1.193	   2.193	250.
117	OND	16	H	   1.466	   2.466	250.
117	OND	17	H	   1.331	   2.331	250.
117	OND	18	H	   1.108	   2.108	250.
117	OND	19	H	   1.272	   2.272	250.
117	OND	22	H	   1.471	   2.471	250.
117	OND	45	H	   1.451	   2.451	250.
117	OND	98	H	   1.495	   2.495	250.
117	OND	103	H	   1.320	   2.320	250.
117	OND	104	H	   1.423	   2.423	250.
117	OND	105	H	   1.338	   2.338	250.
117	OND	106	H	   1.184	   2.184	250.
117	OND	109	H	   1.060	   2.060	250.
117	OND	110	H	   0.908	   1.908	250.
117	OND	126	H	   1.258	   2.258	250.
117	OND	127	H	   1.316	   2.316	250.
117	OND	128	H	   1.420	   2.420	250.
