117	OND	7	H	   1.500	 999.000	250.
117	OND	8	H	   1.500	 999.000	250.
117	OND	9	H	   1.500	 999.000	250.
117	OND	10	H	   1.500	 999.000	250.
117	OND	11	H	   1.500	 999.000	250.
117	OND	12	H	   1.500	 999.000	250.
117	OND	13	H	   1.500	 999.000	250.
117	OND	20	H	   1.500	 999.000	250.
117	OND	21	H	   1.500	 999.000	250.
117	OND	23	H	   1.500	 999.000	250.
117	OND	24	H	   1.500	 999.000	250.
117	OND	25	H	   1.500	 999.000	250.
117	OND	26	H	   1.500	 999.000	250.
117	OND	27	H	   1.500	 999.000	250.
117	OND	28	H	   1.500	 999.000	250.
117	OND	29	H	   1.500	 999.000	250.
117	OND	30	H	   1.500	 999.000	250.
117	OND	31	H	   1.500	 999.000	250.
117	OND	34	H	   1.500	 999.000	250.
117	OND	35	H	   1.500	 999.000	250.
117	OND	36	H	   1.500	 999.000	250.
117	OND	37	H	   1.500	 999.000	250.
117	OND	39	H	   1.500	 999.000	250.
117	OND	40	H	   1.500	 999.000	250.
117	OND	46	H	   1.500	 999.000	250.
117	OND	47	H	   1.500	 999.000	250.
117	OND	48	H	   1.500	 999.000	250.
117	OND	49	H	   1.500	 999.000	250.
117	OND	50	H	   1.500	 999.000	250.
117	OND	52	H	   1.500	 999.000	250.
117	OND	53	H	   1.500	 999.000	250.
117	OND	54	H	   1.500	 999.000	250.
117	OND	55	H	   1.500	 999.000	250.
117	OND	56	H	   1.500	 999.000	250.
117	OND	57	H	   1.500	 999.000	250.
117	OND	58	H	   1.500	 999.000	250.
117	OND	59	H	   1.500	 999.000	250.
117	OND	60	H	   1.500	 999.000	250.
117	OND	61	H	   1.500	 999.000	250.
117	OND	62	H	   1.500	 999.000	250.
117	OND	65	H	   1.500	 999.000	250.
117	OND	67	H	   1.500	 999.000	250.
117	OND	69	H	   1.500	 999.000	250.
117	OND	70	H	   1.500	 999.000	250.
117	OND	74	H	   1.500	 999.000	250.
117	OND	81	H	   1.500	 999.000	250.
117	OND	84	H	   1.500	 999.000	250.
117	OND	85	H	   1.500	 999.000	250.
117	OND	87	H	   1.500	 999.000	250.
117	OND	89	H	   1.500	 999.000	250.
117	OND	91	H	   1.500	 999.000	250.
117	OND	94	H	   1.500	 999.000	250.
117	OND	95	H	   1.500	 999.000	250.
117	OND	96	H	   1.500	 999.000	250.
117	OND	97	H	   1.500	 999.000	250.
117	OND	100	H	   1.500	 999.000	250.
117	OND	101	H	   1.500	 999.000	250.
117	OND	102	H	   1.500	 999.000	250.
117	OND	129	H	   1.500	 999.000	250.
117	OND	130	H	   1.500	 999.000	250.
117	OND	131	H	   1.500	 999.000	250.
117	OND	132	H	   1.500	 999.000	250.
117	OND	133	H	   1.500	 999.000	250.
117	OND	134	H	   1.500	 999.000	250.
117	OND	135	H	   1.500	 999.000	250.
117	OND	136	H	   1.500	 999.000	250.
117	OND	139	H	   1.500	 999.000	250.
117	OND	143	H	   1.500	 999.000	250.
117	OND	146	H	   1.500	 999.000	250.
