127	OND	116	H	   0.000	   1.700	250.
127	OND	117	H	   0.000	   1.700	250.
127	OND	118	H	   0.000	   1.700	250.
127	OND	119	H	   0.000	   1.700	250.
127	OND	120	H	   0.000	   1.700	250.
127	OND	121	H	   0.000	   1.700	250.
127	OND	122	H	   0.000	   1.700	250.
127	OND	123	H	   0.000	   1.700	250.
127	OND	126	H	   0.000	   1.700	250.
127	OND	128	H	   0.000	   1.700	250.
127	OND	129	H	   0.000	   1.700	250.
127	OND	130	H	   0.000	   1.700	250.
127	OND	143	H	   0.000	   1.700	250.
127	OND	144	H	   0.000	   1.700	250.
127	OND	145	H	   0.000	   1.700	250.
127	OND	146	H	   0.000	   1.700	250.
