127	OND	9	H	   1.500	 999.000	250.
127	OND	13	H	   1.500	 999.000	250.
127	OND	14	H	   1.500	 999.000	250.
127	OND	15	H	   1.500	 999.000	250.
127	OND	16	H	   1.500	 999.000	250.
127	OND	17	H	   1.500	 999.000	250.
127	OND	18	H	   1.500	 999.000	250.
127	OND	19	H	   1.500	 999.000	250.
127	OND	20	H	   1.500	 999.000	250.
127	OND	21	H	   1.500	 999.000	250.
127	OND	22	H	   1.500	 999.000	250.
127	OND	24	H	   1.500	 999.000	250.
127	OND	25	H	   1.500	 999.000	250.
127	OND	28	H	   1.500	 999.000	250.
127	OND	29	H	   1.500	 999.000	250.
127	OND	30	H	   1.500	 999.000	250.
127	OND	31	H	   1.500	 999.000	250.
127	OND	33	H	   1.500	 999.000	250.
127	OND	34	H	   1.500	 999.000	250.
127	OND	35	H	   1.500	 999.000	250.
127	OND	36	H	   1.500	 999.000	250.
127	OND	37	H	   1.500	 999.000	250.
127	OND	39	H	   1.500	 999.000	250.
127	OND	40	H	   1.500	 999.000	250.
127	OND	44	H	   1.500	 999.000	250.
127	OND	46	H	   1.500	 999.000	250.
127	OND	47	H	   1.500	 999.000	250.
127	OND	48	H	   1.500	 999.000	250.
127	OND	49	H	   1.500	 999.000	250.
127	OND	50	H	   1.500	 999.000	250.
127	OND	52	H	   1.500	 999.000	250.
127	OND	53	H	   1.500	 999.000	250.
127	OND	54	H	   1.500	 999.000	250.
127	OND	55	H	   1.500	 999.000	250.
127	OND	56	H	   1.500	 999.000	250.
127	OND	57	H	   1.500	 999.000	250.
127	OND	58	H	   1.500	 999.000	250.
127	OND	59	H	   1.500	 999.000	250.
127	OND	60	H	   1.500	 999.000	250.
127	OND	61	H	   1.500	 999.000	250.
127	OND	63	H	   1.500	 999.000	250.
127	OND	70	H	   1.500	 999.000	250.
127	OND	80	H	   1.500	 999.000	250.
127	OND	81	H	   1.500	 999.000	250.
127	OND	84	H	   1.500	 999.000	250.
127	OND	85	H	   1.500	 999.000	250.
127	OND	87	H	   1.500	 999.000	250.
127	OND	89	H	   1.500	 999.000	250.
127	OND	91	H	   1.500	 999.000	250.
127	OND	92	H	   1.500	 999.000	250.
127	OND	93	H	   1.500	 999.000	250.
127	OND	94	H	   1.500	 999.000	250.
127	OND	95	H	   1.500	 999.000	250.
127	OND	97	H	   1.500	 999.000	250.
127	OND	98	H	   1.500	 999.000	250.
127	OND	109	H	   1.500	 999.000	250.
127	OND	110	H	   1.500	 999.000	250.
127	OND	111	H	   1.500	 999.000	250.
127	OND	112	H	   1.500	 999.000	250.
127	OND	113	H	   1.500	 999.000	250.
127	OND	114	H	   1.500	 999.000	250.
127	OND	165	H	   1.500	 999.000	250.
127	OND	167	H	   1.500	 999.000	250.
127	OND	168	H	   1.500	 999.000	250.
127	OND	171	H	   1.500	 999.000	250.
127	OND	172	H	   1.500	 999.000	250.
