127	OND	8	H	   1.295	   2.295	250.
127	OND	9	H	   1.500	 999.000	250.
127	OND	10	H	   1.497	   2.497	250.
127	OND	11	H	   1.318	   2.318	250.
127	OND	12	H	   1.452	   2.452	250.
127	OND	13	H	   1.500	 999.000	250.
127	OND	14	H	   1.500	 999.000	250.
127	OND	15	H	   1.500	 999.000	250.
127	OND	16	H	   1.500	 999.000	250.
127	OND	17	H	   1.500	 999.000	250.
127	OND	18	H	   1.500	 999.000	250.
127	OND	19	H	   1.500	 999.000	250.
127	OND	20	H	   1.500	 999.000	250.
127	OND	21	H	   1.500	 999.000	250.
127	OND	22	H	   1.500	 999.000	250.
127	OND	24	H	   1.500	 999.000	250.
127	OND	25	H	   1.500	 999.000	250.
127	OND	28	H	   1.500	 999.000	250.
127	OND	29	H	   1.500	 999.000	250.
127	OND	30	H	   1.500	 999.000	250.
127	OND	31	H	   1.500	 999.000	250.
127	OND	33	H	   1.500	 999.000	250.
127	OND	34	H	   1.500	 999.000	250.
127	OND	35	H	   1.500	 999.000	250.
127	OND	36	H	   1.500	 999.000	250.
127	OND	37	H	   1.500	 999.000	250.
127	OND	39	H	   1.500	 999.000	250.
127	OND	40	H	   1.500	 999.000	250.
127	OND	44	H	   1.500	 999.000	250.
127	OND	46	H	   1.500	 999.000	250.
127	OND	47	H	   1.500	 999.000	250.
127	OND	48	H	   1.500	 999.000	250.
127	OND	49	H	   1.500	 999.000	250.
127	OND	50	H	   1.500	 999.000	250.
127	OND	52	H	   1.500	 999.000	250.
127	OND	53	H	   1.500	 999.000	250.
127	OND	54	H	   1.500	 999.000	250.
127	OND	55	H	   1.500	 999.000	250.
127	OND	56	H	   1.500	 999.000	250.
127	OND	57	H	   1.500	 999.000	250.
127	OND	58	H	   1.500	 999.000	250.
127	OND	59	H	   1.500	 999.000	250.
127	OND	60	H	   1.500	 999.000	250.
127	OND	61	H	   1.500	 999.000	250.
127	OND	63	H	   1.500	 999.000	250.
127	OND	69	H	   1.463	   2.463	250.
127	OND	70	H	   1.500	 999.000	250.
127	OND	80	H	   1.500	 999.000	250.
127	OND	81	H	   1.500	 999.000	250.
127	OND	84	H	   1.500	 999.000	250.
127	OND	85	H	   1.500	 999.000	250.
127	OND	87	H	   1.500	 999.000	250.
127	OND	89	H	   1.500	 999.000	250.
127	OND	91	H	   1.500	 999.000	250.
127	OND	92	H	   1.500	 999.000	250.
127	OND	93	H	   1.500	 999.000	250.
127	OND	94	H	   1.500	 999.000	250.
127	OND	95	H	   1.500	 999.000	250.
127	OND	97	H	   1.500	 999.000	250.
127	OND	98	H	   1.500	 999.000	250.
127	OND	100	H	   1.382	   2.382	250.
127	OND	101	H	   1.495	   2.495	250.
127	OND	102	H	   1.251	   2.251	250.
127	OND	103	H	   1.293	   2.293	250.
127	OND	105	H	   1.450	   2.450	250.
127	OND	106	H	   1.388	   2.388	250.
127	OND	109	H	   1.500	 999.000	250.
127	OND	110	H	   1.500	 999.000	250.
127	OND	111	H	   1.500	 999.000	250.
127	OND	112	H	   1.500	 999.000	250.
127	OND	113	H	   1.500	 999.000	250.
127	OND	114	H	   1.500	 999.000	250.
127	OND	116	H	   0.000	   1.700	250.
127	OND	117	H	   0.000	   1.700	250.
127	OND	118	H	   0.000	   1.700	250.
127	OND	119	H	   0.000	   1.700	250.
127	OND	120	H	   0.000	   1.700	250.
127	OND	121	H	   0.000	   1.700	250.
127	OND	122	H	   0.000	   1.700	250.
127	OND	123	H	   0.000	   1.700	250.
127	OND	126	H	   0.000	   1.700	250.
127	OND	128	H	   0.000	   1.700	250.
127	OND	129	H	   0.000	   1.700	250.
127	OND	130	H	   0.000	   1.700	250.
127	OND	131	H	   0.860	   1.860	250.
127	OND	132	H	   0.964	   1.964	250.
127	OND	133	H	   1.007	   2.007	250.
127	OND	134	H	   0.972	   1.972	250.
127	OND	135	H	   1.059	   2.059	250.
127	OND	136	H	   1.122	   2.122	250.
127	OND	137	H	   1.043	   2.043	250.
127	OND	138	H	   1.316	   2.316	250.
127	OND	139	H	   1.255	   2.255	250.
127	OND	141	H	   0.955	   1.955	250.
127	OND	143	H	   0.000	   1.700	250.
127	OND	144	H	   0.000	   1.700	250.
127	OND	145	H	   0.000	   1.700	250.
127	OND	146	H	   0.000	   1.700	250.
127	OND	160	H	   0.853	   1.853	250.
127	OND	161	H	   0.994	   1.994	250.
127	OND	162	H	   0.998	   1.998	250.
127	OND	163	H	   1.428	   2.428	250.
127	OND	164	H	   1.472	   2.472	250.
127	OND	165	H	   1.500	 999.000	250.
127	OND	167	H	   1.500	 999.000	250.
127	OND	168	H	   1.500	 999.000	250.
127	OND	171	H	   1.500	 999.000	250.
127	OND	172	H	   1.500	 999.000	250.
