127	OND	8	H	   1.295	   2.295	250.
127	OND	10	H	   1.497	   2.497	250.
127	OND	11	H	   1.318	   2.318	250.
127	OND	12	H	   1.452	   2.452	250.
127	OND	69	H	   1.463	   2.463	250.
127	OND	100	H	   1.382	   2.382	250.
127	OND	101	H	   1.495	   2.495	250.
127	OND	102	H	   1.251	   2.251	250.
127	OND	103	H	   1.293	   2.293	250.
127	OND	105	H	   1.450	   2.450	250.
127	OND	106	H	   1.388	   2.388	250.
127	OND	131	H	   0.860	   1.860	250.
127	OND	132	H	   0.964	   1.964	250.
127	OND	133	H	   1.007	   2.007	250.
127	OND	134	H	   0.972	   1.972	250.
127	OND	135	H	   1.059	   2.059	250.
127	OND	136	H	   1.122	   2.122	250.
127	OND	137	H	   1.043	   2.043	250.
127	OND	138	H	   1.316	   2.316	250.
127	OND	139	H	   1.255	   2.255	250.
127	OND	141	H	   0.955	   1.955	250.
127	OND	160	H	   0.853	   1.853	250.
127	OND	161	H	   0.994	   1.994	250.
127	OND	162	H	   0.998	   1.998	250.
127	OND	163	H	   1.428	   2.428	250.
127	OND	164	H	   1.472	   2.472	250.
