143	OND	7	H	   1.363	   2.363	250.
143	OND	11	H	   1.371	   2.371	250.
143	OND	80	H	   1.229	   2.229	250.
143	OND	81	H	   1.152	   2.152	250.
143	OND	84	H	   1.405	   2.405	250.
143	OND	85	H	   1.220	   2.220	250.
143	OND	87	H	   1.332	   2.332	250.
143	OND	89	H	   1.226	   2.226	250.
143	OND	100	H	   1.196	   2.196	250.
143	OND	101	H	   1.443	   2.443	250.
143	OND	103	H	   1.388	   2.388	250.
143	OND	118	H	   1.236	   2.236	250.
143	OND	126	H	   1.265	   2.265	250.
143	OND	127	H	   1.077	   2.077	250.
143	OND	128	H	   1.039	   2.039	250.
143	OND	129	H	   1.113	   2.113	250.
143	OND	133	H	   1.076	   2.076	250.
143	OND	134	H	   1.200	   2.200	250.
143	OND	135	H	   1.226	   2.226	250.
143	OND	136	H	   1.146	   2.146	250.
143	OND	137	H	   1.124	   2.124	250.
143	OND	138	H	   1.012	   2.012	250.
