143	OND	7	H	   1.363	   2.363	250.
143	OND	8	H	   1.500	 999.000	250.
143	OND	9	H	   1.500	 999.000	250.
143	OND	10	H	   1.500	 999.000	250.
143	OND	11	H	   1.371	   2.371	250.
143	OND	12	H	   1.500	 999.000	250.
143	OND	13	H	   1.500	 999.000	250.
143	OND	14	H	   1.500	 999.000	250.
143	OND	15	H	   1.500	 999.000	250.
143	OND	16	H	   1.500	 999.000	250.
143	OND	18	H	   1.500	 999.000	250.
143	OND	23	H	   1.500	 999.000	250.
143	OND	25	H	   1.500	 999.000	250.
143	OND	27	H	   1.500	 999.000	250.
143	OND	29	H	   1.500	 999.000	250.
143	OND	33	H	   1.500	 999.000	250.
143	OND	34	H	   1.500	 999.000	250.
143	OND	35	H	   1.500	 999.000	250.
143	OND	36	H	   1.500	 999.000	250.
143	OND	39	H	   1.500	 999.000	250.
143	OND	40	H	   1.500	 999.000	250.
143	OND	46	H	   1.500	 999.000	250.
143	OND	47	H	   1.500	 999.000	250.
143	OND	48	H	   1.500	 999.000	250.
143	OND	50	H	   1.500	 999.000	250.
143	OND	52	H	   1.500	 999.000	250.
143	OND	54	H	   1.500	 999.000	250.
143	OND	55	H	   1.500	 999.000	250.
143	OND	57	H	   1.500	 999.000	250.
143	OND	61	H	   1.500	 999.000	250.
143	OND	64	H	   1.500	 999.000	250.
143	OND	65	H	   1.500	 999.000	250.
143	OND	69	H	   1.500	 999.000	250.
143	OND	70	H	   1.500	 999.000	250.
143	OND	71	H	   1.500	 999.000	250.
143	OND	74	H	   1.500	 999.000	250.
143	OND	80	H	   1.229	   2.229	250.
143	OND	81	H	   1.152	   2.152	250.
143	OND	84	H	   1.405	   2.405	250.
143	OND	85	H	   1.220	   2.220	250.
143	OND	87	H	   1.332	   2.332	250.
143	OND	89	H	   1.226	   2.226	250.
143	OND	91	H	   1.500	 999.000	250.
143	OND	92	H	   1.500	 999.000	250.
143	OND	93	H	   1.500	 999.000	250.
143	OND	94	H	   1.500	 999.000	250.
143	OND	95	H	   1.500	 999.000	250.
143	OND	96	H	   1.500	 999.000	250.
143	OND	97	H	   1.500	 999.000	250.
143	OND	98	H	   1.500	 999.000	250.
143	OND	100	H	   1.196	   2.196	250.
143	OND	101	H	   1.443	   2.443	250.
143	OND	102	H	   1.500	 999.000	250.
143	OND	103	H	   1.388	   2.388	250.
143	OND	104	H	   1.500	 999.000	250.
143	OND	105	H	   1.500	 999.000	250.
143	OND	106	H	   1.500	 999.000	250.
143	OND	109	H	   1.500	 999.000	250.
143	OND	110	H	   1.500	 999.000	250.
143	OND	111	H	   1.500	 999.000	250.
143	OND	112	H	   1.500	 999.000	250.
143	OND	113	H	   1.500	 999.000	250.
143	OND	114	H	   1.500	 999.000	250.
143	OND	116	H	   1.500	 999.000	250.
143	OND	117	H	   1.500	 999.000	250.
143	OND	118	H	   1.236	   2.236	250.
143	OND	119	H	   1.500	 999.000	250.
143	OND	120	H	   1.500	 999.000	250.
143	OND	121	H	   1.500	 999.000	250.
143	OND	122	H	   1.500	 999.000	250.
143	OND	123	H	   1.500	 999.000	250.
143	OND	126	H	   1.265	   2.265	250.
143	OND	127	H	   1.077	   2.077	250.
143	OND	128	H	   1.039	   2.039	250.
143	OND	129	H	   1.113	   2.113	250.
143	OND	130	H	   0.000	   1.700	250.
143	OND	131	H	   0.000	   1.700	250.
143	OND	132	H	   0.000	   1.700	250.
143	OND	133	H	   1.076	   2.076	250.
143	OND	134	H	   1.200	   2.200	250.
143	OND	135	H	   1.226	   2.226	250.
143	OND	136	H	   1.146	   2.146	250.
143	OND	137	H	   1.124	   2.124	250.
143	OND	138	H	   1.012	   2.012	250.
143	OND	139	H	   0.000	   1.700	250.
143	OND	141	H	   0.000	   1.700	250.
143	OND	144	H	   0.000	   1.700	250.
143	OND	145	H	   0.000	   1.700	250.
143	OND	146	H	   0.000	   1.700	250.
