143	OND	8	H	   1.500	 999.000	250.
143	OND	9	H	   1.500	 999.000	250.
143	OND	10	H	   1.500	 999.000	250.
143	OND	12	H	   1.500	 999.000	250.
143	OND	13	H	   1.500	 999.000	250.
143	OND	14	H	   1.500	 999.000	250.
143	OND	15	H	   1.500	 999.000	250.
143	OND	16	H	   1.500	 999.000	250.
143	OND	18	H	   1.500	 999.000	250.
143	OND	23	H	   1.500	 999.000	250.
143	OND	25	H	   1.500	 999.000	250.
143	OND	27	H	   1.500	 999.000	250.
143	OND	29	H	   1.500	 999.000	250.
143	OND	33	H	   1.500	 999.000	250.
143	OND	34	H	   1.500	 999.000	250.
143	OND	35	H	   1.500	 999.000	250.
143	OND	36	H	   1.500	 999.000	250.
143	OND	39	H	   1.500	 999.000	250.
143	OND	40	H	   1.500	 999.000	250.
143	OND	46	H	   1.500	 999.000	250.
143	OND	47	H	   1.500	 999.000	250.
143	OND	48	H	   1.500	 999.000	250.
143	OND	50	H	   1.500	 999.000	250.
143	OND	52	H	   1.500	 999.000	250.
143	OND	54	H	   1.500	 999.000	250.
143	OND	55	H	   1.500	 999.000	250.
143	OND	57	H	   1.500	 999.000	250.
143	OND	61	H	   1.500	 999.000	250.
143	OND	64	H	   1.500	 999.000	250.
143	OND	65	H	   1.500	 999.000	250.
143	OND	69	H	   1.500	 999.000	250.
143	OND	70	H	   1.500	 999.000	250.
143	OND	71	H	   1.500	 999.000	250.
143	OND	74	H	   1.500	 999.000	250.
143	OND	91	H	   1.500	 999.000	250.
143	OND	92	H	   1.500	 999.000	250.
143	OND	93	H	   1.500	 999.000	250.
143	OND	94	H	   1.500	 999.000	250.
143	OND	95	H	   1.500	 999.000	250.
143	OND	96	H	   1.500	 999.000	250.
143	OND	97	H	   1.500	 999.000	250.
143	OND	98	H	   1.500	 999.000	250.
143	OND	102	H	   1.500	 999.000	250.
143	OND	104	H	   1.500	 999.000	250.
143	OND	105	H	   1.500	 999.000	250.
143	OND	106	H	   1.500	 999.000	250.
143	OND	109	H	   1.500	 999.000	250.
143	OND	110	H	   1.500	 999.000	250.
143	OND	111	H	   1.500	 999.000	250.
143	OND	112	H	   1.500	 999.000	250.
143	OND	113	H	   1.500	 999.000	250.
143	OND	114	H	   1.500	 999.000	250.
143	OND	116	H	   1.500	 999.000	250.
143	OND	117	H	   1.500	 999.000	250.
143	OND	119	H	   1.500	 999.000	250.
143	OND	120	H	   1.500	 999.000	250.
143	OND	121	H	   1.500	 999.000	250.
143	OND	122	H	   1.500	 999.000	250.
143	OND	123	H	   1.500	 999.000	250.
