149	OND	9	H	   1.140	   2.140	250.
149	OND	10	H	   0.942	   1.942	250.
149	OND	11	H	   1.319	   2.319	250.
149	OND	12	H	   1.252	   2.252	250.
149	OND	13	H	   1.054	   2.054	250.
149	OND	14	H	   1.062	   2.062	250.
149	OND	15	H	   1.061	   2.061	250.
149	OND	16	H	   1.263	   2.263	250.
149	OND	17	H	   1.445	   2.445	250.
149	OND	80	H	   1.033	   2.033	250.
149	OND	81	H	   1.324	   2.324	250.
149	OND	84	H	   1.030	   2.030	250.
149	OND	85	H	   1.354	   2.354	250.
149	OND	87	H	   1.206	   2.206	250.
149	OND	89	H	   1.159	   2.159	250.
149	OND	91	H	   1.467	   2.467	250.
149	OND	92	H	   1.451	   2.451	250.
149	OND	126	H	   1.295	   2.295	250.
149	OND	128	H	   1.032	   2.032	250.
149	OND	129	H	   0.998	   1.998	250.
149	OND	130	H	   0.958	   1.958	250.
149	OND	131	H	   1.127	   2.127	250.
149	OND	132	H	   1.313	   2.313	250.
149	OND	137	H	   1.437	   2.437	250.
149	OND	138	H	   1.451	   2.451	250.
149	OND	139	H	   1.136	   2.136	250.
149	OND	160	H	   0.945	   1.945	250.
149	OND	161	H	   1.063	   2.063	250.
149	OND	162	H	   1.098	   2.098	250.
149	OND	163	H	   1.134	   2.134	250.
149	OND	164	H	   1.089	   2.089	250.
149	OND	165	H	   1.023	   2.023	250.
149	OND	168	H	   1.323	   2.323	250.
149	OND	171	H	   1.429	   2.429	250.
149	OND	172	H	   1.437	   2.437	250.
