149	OND	18	H	   1.500	 999.000	250.
149	OND	19	H	   1.500	 999.000	250.
149	OND	20	H	   1.500	 999.000	250.
149	OND	22	H	   1.500	 999.000	250.
149	OND	23	H	   1.500	 999.000	250.
149	OND	28	H	   1.500	 999.000	250.
149	OND	29	H	   1.500	 999.000	250.
149	OND	30	H	   1.500	 999.000	250.
149	OND	31	H	   1.500	 999.000	250.
149	OND	33	H	   1.500	 999.000	250.
149	OND	34	H	   1.500	 999.000	250.
149	OND	35	H	   1.500	 999.000	250.
149	OND	37	H	   1.500	 999.000	250.
149	OND	39	H	   1.500	 999.000	250.
149	OND	40	H	   1.500	 999.000	250.
149	OND	44	H	   1.500	 999.000	250.
149	OND	45	H	   1.500	 999.000	250.
149	OND	46	H	   1.500	 999.000	250.
149	OND	47	H	   1.500	 999.000	250.
149	OND	48	H	   1.500	 999.000	250.
149	OND	49	H	   1.500	 999.000	250.
149	OND	50	H	   1.500	 999.000	250.
149	OND	52	H	   1.500	 999.000	250.
149	OND	53	H	   1.500	 999.000	250.
149	OND	54	H	   1.500	 999.000	250.
149	OND	55	H	   1.500	 999.000	250.
149	OND	56	H	   1.500	 999.000	250.
149	OND	58	H	   1.500	 999.000	250.
149	OND	59	H	   1.500	 999.000	250.
149	OND	60	H	   1.500	 999.000	250.
149	OND	61	H	   1.500	 999.000	250.
149	OND	64	H	   1.500	 999.000	250.
149	OND	65	H	   1.500	 999.000	250.
149	OND	67	H	   1.500	 999.000	250.
149	OND	93	H	   1.500	 999.000	250.
149	OND	94	H	   1.500	 999.000	250.
149	OND	95	H	   1.500	 999.000	250.
149	OND	96	H	   1.500	 999.000	250.
149	OND	97	H	   1.500	 999.000	250.
149	OND	98	H	   1.500	 999.000	250.
149	OND	100	H	   1.500	 999.000	250.
149	OND	101	H	   1.500	 999.000	250.
149	OND	102	H	   1.500	 999.000	250.
149	OND	103	H	   1.500	 999.000	250.
149	OND	105	H	   1.500	 999.000	250.
149	OND	106	H	   1.500	 999.000	250.
149	OND	109	H	   1.500	 999.000	250.
149	OND	110	H	   1.500	 999.000	250.
149	OND	113	H	   1.500	 999.000	250.
149	OND	114	H	   1.500	 999.000	250.
149	OND	116	H	   1.500	 999.000	250.
149	OND	117	H	   1.500	 999.000	250.
149	OND	118	H	   1.500	 999.000	250.
149	OND	119	H	   1.500	 999.000	250.
149	OND	120	H	   1.500	 999.000	250.
149	OND	121	H	   1.500	 999.000	250.
149	OND	122	H	   1.500	 999.000	250.
149	OND	123	H	   1.500	 999.000	250.
149	OND	133	H	   1.500	 999.000	250.
149	OND	134	H	   1.500	 999.000	250.
149	OND	135	H	   1.500	 999.000	250.
149	OND	136	H	   1.500	 999.000	250.
