17	OND	36	H	   1.500	 999.000	250.
17	OND	37	H	   1.500	 999.000	250.
17	OND	39	H	   1.500	 999.000	250.
17	OND	40	H	   1.500	 999.000	250.
17	OND	44	H	   1.500	 999.000	250.
17	OND	46	H	   1.500	 999.000	250.
17	OND	47	H	   1.500	 999.000	250.
17	OND	48	H	   1.500	 999.000	250.
17	OND	49	H	   1.500	 999.000	250.
17	OND	50	H	   1.500	 999.000	250.
17	OND	52	H	   1.500	 999.000	250.
17	OND	53	H	   1.500	 999.000	250.
17	OND	55	H	   1.500	 999.000	250.
17	OND	56	H	   1.500	 999.000	250.
17	OND	57	H	   1.500	 999.000	250.
17	OND	58	H	   1.500	 999.000	250.
17	OND	59	H	   1.500	 999.000	250.
17	OND	60	H	   1.500	 999.000	250.
17	OND	61	H	   1.500	 999.000	250.
17	OND	74	H	   1.500	 999.000	250.
17	OND	80	H	   1.500	 999.000	250.
17	OND	81	H	   1.500	 999.000	250.
17	OND	84	H	   1.500	 999.000	250.
17	OND	85	H	   1.500	 999.000	250.
17	OND	87	H	   1.500	 999.000	250.
17	OND	89	H	   1.500	 999.000	250.
17	OND	91	H	   1.500	 999.000	250.
17	OND	92	H	   1.500	 999.000	250.
17	OND	93	H	   1.500	 999.000	250.
17	OND	94	H	   1.500	 999.000	250.
17	OND	95	H	   1.500	 999.000	250.
17	OND	100	H	   1.500	 999.000	250.
17	OND	101	H	   1.500	 999.000	250.
17	OND	102	H	   1.500	 999.000	250.
17	OND	103	H	   1.500	 999.000	250.
17	OND	105	H	   1.500	 999.000	250.
17	OND	106	H	   1.500	 999.000	250.
17	OND	109	H	   1.500	 999.000	250.
17	OND	119	H	   1.500	 999.000	250.
17	OND	120	H	   1.500	 999.000	250.
17	OND	121	H	   1.500	 999.000	250.
17	OND	122	H	   1.500	 999.000	250.
17	OND	123	H	   1.500	 999.000	250.
17	OND	126	H	   1.500	 999.000	250.
17	OND	128	H	   1.500	 999.000	250.
17	OND	129	H	   1.500	 999.000	250.
17	OND	131	H	   1.500	 999.000	250.
17	OND	133	H	   1.500	 999.000	250.
17	OND	134	H	   1.500	 999.000	250.
17	OND	139	H	   1.500	 999.000	250.
17	OND	143	H	   1.500	 999.000	250.
17	OND	146	H	   1.500	 999.000	250.
17	OND	168	H	   1.500	 999.000	250.
17	OND	170	H	   1.500	 999.000	250.
17	OND	171	H	   1.500	 999.000	250.
