17	OND	8	H	   1.257	   2.257	250.
17	OND	9	H	   1.062	   2.062	250.
17	OND	10	H	   0.957	   1.957	250.
17	OND	26	H	   0.832	   1.832	250.
17	OND	27	H	   0.857	   1.857	250.
17	OND	28	H	   0.984	   1.984	250.
17	OND	29	H	   1.437	   2.437	250.
17	OND	30	H	   1.309	   2.309	250.
17	OND	31	H	   1.236	   2.236	250.
17	OND	33	H	   1.458	   2.458	250.
17	OND	34	H	   1.382	   2.382	250.
17	OND	35	H	   1.244	   2.244	250.
17	OND	45	H	   1.469	   2.469	250.
17	OND	54	H	   1.465	   2.465	250.
17	OND	62	H	   1.474	   2.474	250.
17	OND	63	H	   1.094	   2.094	250.
17	OND	64	H	   1.046	   2.046	250.
17	OND	67	H	   0.967	   1.967	250.
17	OND	70	H	   1.191	   2.191	250.
17	OND	71	H	   1.385	   2.385	250.
17	OND	110	H	   1.392	   2.392	250.
17	OND	111	H	   1.480	   2.480	250.
17	OND	112	H	   1.161	   2.161	250.
17	OND	113	H	   0.992	   1.992	250.
17	OND	114	H	   0.895	   1.895	250.
17	OND	116	H	   1.128	   2.128	250.
17	OND	117	H	   1.384	   2.384	250.
17	OND	118	H	   1.320	   2.320	250.
17	OND	160	H	   0.985	   1.985	250.
17	OND	161	H	   0.828	   1.828	250.
17	OND	162	H	   1.204	   2.204	250.
17	OND	163	H	   0.943	   1.943	250.
17	OND	164	H	   1.246	   2.246	250.
17	OND	165	H	   1.222	   2.222	250.
17	OND	167	H	   1.381	   2.381	250.
17	OND	172	H	   1.430	   2.430	250.
