17	OND	11	H	   0.000	   1.700	250.
17	OND	12	H	   0.000	   1.700	250.
17	OND	13	H	   0.000	   1.700	250.
17	OND	14	H	   0.000	   1.700	250.
17	OND	15	H	   0.000	   1.700	250.
17	OND	16	H	   0.000	   1.700	250.
17	OND	18	H	   0.000	   1.700	250.
17	OND	19	H	   0.000	   1.700	250.
17	OND	20	H	   0.000	   1.700	250.
17	OND	21	H	   0.000	   1.700	250.
17	OND	22	H	   0.000	   1.700	250.
17	OND	23	H	   0.000	   1.700	250.
17	OND	24	H	   0.000	   1.700	250.
17	OND	25	H	   0.000	   1.700	250.
17	OND	65	H	   0.000	   1.700	250.
