17	OND	8	H	   1.257	   2.257	250.
17	OND	9	H	   1.062	   2.062	250.
17	OND	10	H	   0.957	   1.957	250.
17	OND	11	H	   0.000	   1.700	250.
17	OND	12	H	   0.000	   1.700	250.
17	OND	13	H	   0.000	   1.700	250.
17	OND	14	H	   0.000	   1.700	250.
17	OND	15	H	   0.000	   1.700	250.
17	OND	16	H	   0.000	   1.700	250.
17	OND	18	H	   0.000	   1.700	250.
17	OND	19	H	   0.000	   1.700	250.
17	OND	20	H	   0.000	   1.700	250.
17	OND	21	H	   0.000	   1.700	250.
17	OND	22	H	   0.000	   1.700	250.
17	OND	23	H	   0.000	   1.700	250.
17	OND	24	H	   0.000	   1.700	250.
17	OND	25	H	   0.000	   1.700	250.
17	OND	26	H	   0.832	   1.832	250.
17	OND	27	H	   0.857	   1.857	250.
17	OND	28	H	   0.984	   1.984	250.
17	OND	29	H	   1.437	   2.437	250.
17	OND	30	H	   1.309	   2.309	250.
17	OND	31	H	   1.236	   2.236	250.
17	OND	33	H	   1.458	   2.458	250.
17	OND	34	H	   1.382	   2.382	250.
17	OND	35	H	   1.244	   2.244	250.
17	OND	36	H	   1.500	 999.000	250.
17	OND	37	H	   1.500	 999.000	250.
17	OND	39	H	   1.500	 999.000	250.
17	OND	40	H	   1.500	 999.000	250.
17	OND	44	H	   1.500	 999.000	250.
17	OND	45	H	   1.469	   2.469	250.
17	OND	46	H	   1.500	 999.000	250.
17	OND	47	H	   1.500	 999.000	250.
17	OND	48	H	   1.500	 999.000	250.
17	OND	49	H	   1.500	 999.000	250.
17	OND	50	H	   1.500	 999.000	250.
17	OND	52	H	   1.500	 999.000	250.
17	OND	53	H	   1.500	 999.000	250.
17	OND	54	H	   1.465	   2.465	250.
17	OND	55	H	   1.500	 999.000	250.
17	OND	56	H	   1.500	 999.000	250.
17	OND	57	H	   1.500	 999.000	250.
17	OND	58	H	   1.500	 999.000	250.
17	OND	59	H	   1.500	 999.000	250.
17	OND	60	H	   1.500	 999.000	250.
17	OND	61	H	   1.500	 999.000	250.
17	OND	62	H	   1.474	   2.474	250.
17	OND	63	H	   1.094	   2.094	250.
17	OND	64	H	   1.046	   2.046	250.
17	OND	65	H	   0.000	   1.700	250.
17	OND	67	H	   0.967	   1.967	250.
17	OND	70	H	   1.191	   2.191	250.
17	OND	71	H	   1.385	   2.385	250.
17	OND	74	H	   1.500	 999.000	250.
17	OND	80	H	   1.500	 999.000	250.
17	OND	81	H	   1.500	 999.000	250.
17	OND	84	H	   1.500	 999.000	250.
17	OND	85	H	   1.500	 999.000	250.
17	OND	87	H	   1.500	 999.000	250.
17	OND	89	H	   1.500	 999.000	250.
17	OND	91	H	   1.500	 999.000	250.
17	OND	92	H	   1.500	 999.000	250.
17	OND	93	H	   1.500	 999.000	250.
17	OND	94	H	   1.500	 999.000	250.
17	OND	95	H	   1.500	 999.000	250.
17	OND	100	H	   1.500	 999.000	250.
17	OND	101	H	   1.500	 999.000	250.
17	OND	102	H	   1.500	 999.000	250.
17	OND	103	H	   1.500	 999.000	250.
17	OND	105	H	   1.500	 999.000	250.
17	OND	106	H	   1.500	 999.000	250.
17	OND	109	H	   1.500	 999.000	250.
17	OND	110	H	   1.392	   2.392	250.
17	OND	111	H	   1.480	   2.480	250.
17	OND	112	H	   1.161	   2.161	250.
17	OND	113	H	   0.992	   1.992	250.
17	OND	114	H	   0.895	   1.895	250.
17	OND	116	H	   1.128	   2.128	250.
17	OND	117	H	   1.384	   2.384	250.
17	OND	118	H	   1.320	   2.320	250.
17	OND	119	H	   1.500	 999.000	250.
17	OND	120	H	   1.500	 999.000	250.
17	OND	121	H	   1.500	 999.000	250.
17	OND	122	H	   1.500	 999.000	250.
17	OND	123	H	   1.500	 999.000	250.
17	OND	126	H	   1.500	 999.000	250.
17	OND	128	H	   1.500	 999.000	250.
17	OND	129	H	   1.500	 999.000	250.
17	OND	131	H	   1.500	 999.000	250.
17	OND	133	H	   1.500	 999.000	250.
17	OND	134	H	   1.500	 999.000	250.
17	OND	139	H	   1.500	 999.000	250.
17	OND	143	H	   1.500	 999.000	250.
17	OND	146	H	   1.500	 999.000	250.
17	OND	160	H	   0.985	   1.985	250.
17	OND	161	H	   0.828	   1.828	250.
17	OND	162	H	   1.204	   2.204	250.
17	OND	163	H	   0.943	   1.943	250.
17	OND	164	H	   1.246	   2.246	250.
17	OND	165	H	   1.222	   2.222	250.
17	OND	167	H	   1.381	   2.381	250.
17	OND	168	H	   1.500	 999.000	250.
17	OND	170	H	   1.500	 999.000	250.
17	OND	171	H	   1.500	 999.000	250.
17	OND	172	H	   1.430	   2.430	250.
