34	OND	7	H	   1.500	 999.000	250.
34	OND	9	H	   1.500	 999.000	250.
34	OND	10	H	   1.500	 999.000	250.
34	OND	11	H	   1.500	 999.000	250.
34	OND	13	H	   1.500	 999.000	250.
34	OND	14	H	   1.500	 999.000	250.
34	OND	15	H	   1.499	   2.499	250.
34	OND	16	H	   1.365	   2.365	250.
34	OND	17	H	   0.000	   1.700	250.
34	OND	18	H	   0.000	   1.700	250.
34	OND	19	H	   0.000	   1.700	250.
34	OND	20	H	   0.000	   1.700	250.
34	OND	22	H	   0.000	   1.700	250.
34	OND	24	H	   0.000	   1.700	250.
34	OND	25	H	   0.000	   1.700	250.
34	OND	26	H	   0.000	   1.700	250.
34	OND	27	H	   0.000	   1.700	250.
34	OND	28	H	   0.000	   1.700	250.
34	OND	29	H	   0.000	   1.700	250.
34	OND	30	H	   0.000	   1.700	250.
34	OND	31	H	   0.000	   1.700	250.
34	OND	33	H	   0.000	   1.700	250.
34	OND	35	H	   0.000	   1.700	250.
34	OND	36	H	   0.000	   1.700	250.
34	OND	37	H	   0.000	   1.700	250.
34	OND	39	H	   0.000	   1.700	250.
34	OND	40	H	   0.000	   1.700	250.
34	OND	44	H	   1.195	   2.195	250.
34	OND	45	H	   0.888	   1.888	250.
34	OND	46	H	   1.197	   2.197	250.
34	OND	47	H	   1.322	   2.322	250.
34	OND	48	H	   1.075	   2.075	250.
34	OND	49	H	   1.022	   2.022	250.
34	OND	50	H	   1.308	   2.308	250.
34	OND	52	H	   1.233	   2.233	250.
34	OND	53	H	   1.483	   2.483	250.
34	OND	54	H	   1.292	   2.292	250.
34	OND	55	H	   1.408	   2.408	250.
34	OND	56	H	   1.500	 999.000	250.
34	OND	57	H	   1.500	 999.000	250.
34	OND	58	H	   1.500	 999.000	250.
34	OND	59	H	   1.500	 999.000	250.
34	OND	60	H	   1.500	 999.000	250.
34	OND	61	H	   1.500	 999.000	250.
34	OND	62	H	   1.364	   2.364	250.
34	OND	63	H	   1.068	   2.068	250.
34	OND	64	H	   1.500	 999.000	250.
34	OND	65	H	   1.367	   2.367	250.
34	OND	67	H	   1.122	   2.122	250.
34	OND	69	H	   1.500	 999.000	250.
34	OND	70	H	   1.500	 999.000	250.
34	OND	71	H	   1.500	 999.000	250.
34	OND	81	H	   1.499	   2.499	250.
34	OND	84	H	   1.500	 999.000	250.
34	OND	85	H	   1.438	   2.438	250.
34	OND	87	H	   1.467	   2.467	250.
34	OND	89	H	   1.500	 999.000	250.
34	OND	91	H	   1.500	 999.000	250.
34	OND	92	H	   1.437	   2.437	250.
34	OND	94	H	   1.500	 999.000	250.
34	OND	95	H	   1.500	 999.000	250.
34	OND	96	H	   1.500	 999.000	250.
34	OND	97	H	   1.500	 999.000	250.
34	OND	98	H	   1.500	 999.000	250.
34	OND	101	H	   1.500	 999.000	250.
34	OND	102	H	   1.500	 999.000	250.
34	OND	103	H	   1.500	 999.000	250.
34	OND	104	H	   1.444	   2.444	250.
34	OND	105	H	   1.500	 999.000	250.
34	OND	106	H	   1.500	 999.000	250.
34	OND	109	H	   1.193	   2.193	250.
34	OND	110	H	   1.041	   2.041	250.
34	OND	111	H	   1.221	   2.221	250.
34	OND	112	H	   0.000	   1.700	250.
34	OND	113	H	   0.000	   1.700	250.
34	OND	114	H	   1.301	   2.301	250.
34	OND	116	H	   1.157	   2.157	250.
34	OND	117	H	   1.500	 999.000	250.
34	OND	118	H	   1.486	   2.486	250.
34	OND	119	H	   1.500	 999.000	250.
34	OND	120	H	   1.500	 999.000	250.
34	OND	121	H	   1.437	   2.437	250.
34	OND	122	H	   1.500	 999.000	250.
34	OND	123	H	   1.500	 999.000	250.
34	OND	126	H	   1.500	 999.000	250.
34	OND	127	H	   1.500	 999.000	250.
34	OND	128	H	   1.500	 999.000	250.
34	OND	134	H	   1.500	 999.000	250.
34	OND	135	H	   1.500	 999.000	250.
34	OND	137	H	   1.500	 999.000	250.
34	OND	138	H	   1.500	 999.000	250.
34	OND	139	H	   1.500	 999.000	250.
34	OND	141	H	   1.500	 999.000	250.
34	OND	143	H	   1.500	 999.000	250.
34	OND	145	H	   1.500	 999.000	250.
34	OND	146	H	   1.431	   2.431	250.
