34	OND	17	H	   0.000	   1.700	250.
34	OND	18	H	   0.000	   1.700	250.
34	OND	19	H	   0.000	   1.700	250.
34	OND	20	H	   0.000	   1.700	250.
34	OND	22	H	   0.000	   1.700	250.
34	OND	24	H	   0.000	   1.700	250.
34	OND	25	H	   0.000	   1.700	250.
34	OND	26	H	   0.000	   1.700	250.
34	OND	27	H	   0.000	   1.700	250.
34	OND	28	H	   0.000	   1.700	250.
34	OND	29	H	   0.000	   1.700	250.
34	OND	30	H	   0.000	   1.700	250.
34	OND	31	H	   0.000	   1.700	250.
34	OND	33	H	   0.000	   1.700	250.
34	OND	35	H	   0.000	   1.700	250.
34	OND	36	H	   0.000	   1.700	250.
34	OND	37	H	   0.000	   1.700	250.
34	OND	39	H	   0.000	   1.700	250.
34	OND	40	H	   0.000	   1.700	250.
34	OND	112	H	   0.000	   1.700	250.
34	OND	113	H	   0.000	   1.700	250.
