34	OND	7	H	   1.500	 999.000	250.
34	OND	9	H	   1.500	 999.000	250.
34	OND	10	H	   1.500	 999.000	250.
34	OND	11	H	   1.500	 999.000	250.
34	OND	13	H	   1.500	 999.000	250.
34	OND	14	H	   1.500	 999.000	250.
34	OND	56	H	   1.500	 999.000	250.
34	OND	57	H	   1.500	 999.000	250.
34	OND	58	H	   1.500	 999.000	250.
34	OND	59	H	   1.500	 999.000	250.
34	OND	60	H	   1.500	 999.000	250.
34	OND	61	H	   1.500	 999.000	250.
34	OND	64	H	   1.500	 999.000	250.
34	OND	69	H	   1.500	 999.000	250.
34	OND	70	H	   1.500	 999.000	250.
34	OND	71	H	   1.500	 999.000	250.
34	OND	84	H	   1.500	 999.000	250.
34	OND	89	H	   1.500	 999.000	250.
34	OND	91	H	   1.500	 999.000	250.
34	OND	94	H	   1.500	 999.000	250.
34	OND	95	H	   1.500	 999.000	250.
34	OND	96	H	   1.500	 999.000	250.
34	OND	97	H	   1.500	 999.000	250.
34	OND	98	H	   1.500	 999.000	250.
34	OND	101	H	   1.500	 999.000	250.
34	OND	102	H	   1.500	 999.000	250.
34	OND	103	H	   1.500	 999.000	250.
34	OND	105	H	   1.500	 999.000	250.
34	OND	106	H	   1.500	 999.000	250.
34	OND	117	H	   1.500	 999.000	250.
34	OND	119	H	   1.500	 999.000	250.
34	OND	120	H	   1.500	 999.000	250.
34	OND	122	H	   1.500	 999.000	250.
34	OND	123	H	   1.500	 999.000	250.
34	OND	126	H	   1.500	 999.000	250.
34	OND	127	H	   1.500	 999.000	250.
34	OND	128	H	   1.500	 999.000	250.
34	OND	134	H	   1.500	 999.000	250.
34	OND	135	H	   1.500	 999.000	250.
34	OND	137	H	   1.500	 999.000	250.
34	OND	138	H	   1.500	 999.000	250.
34	OND	139	H	   1.500	 999.000	250.
34	OND	141	H	   1.500	 999.000	250.
34	OND	143	H	   1.500	 999.000	250.
34	OND	145	H	   1.500	 999.000	250.
