34	OND	15	H	   1.499	   2.499	250.
34	OND	16	H	   1.365	   2.365	250.
34	OND	44	H	   1.195	   2.195	250.
34	OND	45	H	   0.888	   1.888	250.
34	OND	46	H	   1.197	   2.197	250.
34	OND	47	H	   1.322	   2.322	250.
34	OND	48	H	   1.075	   2.075	250.
34	OND	49	H	   1.022	   2.022	250.
34	OND	50	H	   1.308	   2.308	250.
34	OND	52	H	   1.233	   2.233	250.
34	OND	53	H	   1.483	   2.483	250.
34	OND	54	H	   1.292	   2.292	250.
34	OND	55	H	   1.408	   2.408	250.
34	OND	62	H	   1.364	   2.364	250.
34	OND	63	H	   1.068	   2.068	250.
34	OND	65	H	   1.367	   2.367	250.
34	OND	67	H	   1.122	   2.122	250.
34	OND	81	H	   1.499	   2.499	250.
34	OND	85	H	   1.438	   2.438	250.
34	OND	87	H	   1.467	   2.467	250.
34	OND	92	H	   1.437	   2.437	250.
34	OND	104	H	   1.444	   2.444	250.
34	OND	109	H	   1.193	   2.193	250.
34	OND	110	H	   1.041	   2.041	250.
34	OND	111	H	   1.221	   2.221	250.
34	OND	114	H	   1.301	   2.301	250.
34	OND	116	H	   1.157	   2.157	250.
34	OND	118	H	   1.486	   2.486	250.
34	OND	121	H	   1.437	   2.437	250.
34	OND	146	H	   1.431	   2.431	250.
