42	OND	9	H	   1.467	   2.467	250.
42	OND	28	H	   1.313	   2.313	250.
42	OND	29	H	   1.099	   2.099	250.
42	OND	48	H	   0.773	   1.773	250.
42	OND	49	H	   0.978	   1.978	250.
42	OND	50	H	   1.207	   2.207	250.
42	OND	52	H	   1.424	   2.424	250.
42	OND	63	H	   1.436	   2.436	250.
42	OND	81	H	   1.467	   2.467	250.
42	OND	89	H	   1.446	   2.446	250.
42	OND	91	H	   1.178	   2.178	250.
42	OND	92	H	   1.259	   2.259	250.
42	OND	93	H	   1.296	   2.296	250.
42	OND	94	H	   1.222	   2.222	250.
42	OND	95	H	   1.239	   2.239	250.
42	OND	96	H	   1.243	   2.243	250.
42	OND	103	H	   1.358	   2.358	250.
42	OND	104	H	   1.344	   2.344	250.
42	OND	105	H	   1.432	   2.432	250.
42	OND	109	H	   1.500	   2.500	250.
42	OND	110	H	   1.404	   2.404	250.
42	OND	111	H	   1.119	   2.119	250.
42	OND	112	H	   1.178	   2.178	250.
42	OND	113	H	   1.346	   2.346	250.
42	OND	118	H	   1.350	   2.350	250.
42	OND	119	H	   1.491	   2.491	250.
42	OND	145	H	   1.352	   2.352	250.
