42	OND	7	H	   1.500	 999.000	250.
42	OND	8	H	   1.500	 999.000	250.
42	OND	10	H	   1.500	 999.000	250.
42	OND	11	H	   1.500	 999.000	250.
42	OND	12	H	   1.500	 999.000	250.
42	OND	13	H	   1.500	 999.000	250.
42	OND	14	H	   1.500	 999.000	250.
42	OND	16	H	   1.500	 999.000	250.
42	OND	17	H	   1.500	 999.000	250.
42	OND	18	H	   1.500	 999.000	250.
42	OND	19	H	   1.500	 999.000	250.
42	OND	21	H	   1.500	 999.000	250.
42	OND	22	H	   1.500	 999.000	250.
42	OND	23	H	   1.500	 999.000	250.
42	OND	24	H	   1.500	 999.000	250.
42	OND	25	H	   1.500	 999.000	250.
42	OND	26	H	   1.500	 999.000	250.
42	OND	27	H	   1.500	 999.000	250.
42	OND	53	H	   1.500	 999.000	250.
42	OND	54	H	   1.500	 999.000	250.
42	OND	56	H	   1.500	 999.000	250.
42	OND	57	H	   1.500	 999.000	250.
42	OND	58	H	   1.500	 999.000	250.
42	OND	61	H	   1.500	 999.000	250.
42	OND	62	H	   1.500	 999.000	250.
42	OND	64	H	   1.500	 999.000	250.
42	OND	69	H	   1.500	 999.000	250.
42	OND	70	H	   1.500	 999.000	250.
42	OND	80	H	   1.500	 999.000	250.
42	OND	84	H	   1.500	 999.000	250.
42	OND	85	H	   1.500	 999.000	250.
42	OND	87	H	   1.500	 999.000	250.
42	OND	97	H	   1.500	 999.000	250.
42	OND	98	H	   1.500	 999.000	250.
42	OND	100	H	   1.500	 999.000	250.
42	OND	101	H	   1.500	 999.000	250.
42	OND	102	H	   1.500	 999.000	250.
42	OND	106	H	   1.500	 999.000	250.
42	OND	114	H	   1.500	 999.000	250.
42	OND	116	H	   1.500	 999.000	250.
42	OND	117	H	   1.500	 999.000	250.
42	OND	120	H	   1.500	 999.000	250.
42	OND	121	H	   1.500	 999.000	250.
42	OND	122	H	   1.500	 999.000	250.
42	OND	123	H	   1.500	 999.000	250.
42	OND	126	H	   1.500	 999.000	250.
42	OND	127	H	   1.500	 999.000	250.
42	OND	128	H	   1.500	 999.000	250.
42	OND	129	H	   1.500	 999.000	250.
42	OND	130	H	   1.500	 999.000	250.
42	OND	131	H	   1.500	 999.000	250.
42	OND	132	H	   1.500	 999.000	250.
42	OND	133	H	   1.500	 999.000	250.
42	OND	134	H	   1.500	 999.000	250.
42	OND	136	H	   1.500	 999.000	250.
42	OND	137	H	   1.500	 999.000	250.
42	OND	138	H	   1.500	 999.000	250.
42	OND	139	H	   1.500	 999.000	250.
42	OND	144	H	   1.500	 999.000	250.
42	OND	146	H	   1.500	 999.000	250.
