42	OND	7	H	   1.500	 999.000	250.
42	OND	8	H	   1.500	 999.000	250.
42	OND	9	H	   1.467	   2.467	250.
42	OND	10	H	   1.500	 999.000	250.
42	OND	11	H	   1.500	 999.000	250.
42	OND	12	H	   1.500	 999.000	250.
42	OND	13	H	   1.500	 999.000	250.
42	OND	14	H	   1.500	 999.000	250.
42	OND	16	H	   1.500	 999.000	250.
42	OND	17	H	   1.500	 999.000	250.
42	OND	18	H	   1.500	 999.000	250.
42	OND	19	H	   1.500	 999.000	250.
42	OND	21	H	   1.500	 999.000	250.
42	OND	22	H	   1.500	 999.000	250.
42	OND	23	H	   1.500	 999.000	250.
42	OND	24	H	   1.500	 999.000	250.
42	OND	25	H	   1.500	 999.000	250.
42	OND	26	H	   1.500	 999.000	250.
42	OND	27	H	   1.500	 999.000	250.
42	OND	28	H	   1.313	   2.313	250.
42	OND	29	H	   1.099	   2.099	250.
42	OND	30	H	   0.000	   1.700	250.
42	OND	31	H	   0.000	   1.700	250.
42	OND	33	H	   0.000	   1.700	250.
42	OND	34	H	   0.000	   1.700	250.
42	OND	35	H	   0.000	   1.700	250.
42	OND	36	H	   0.000	   1.700	250.
42	OND	37	H	   0.000	   1.700	250.
42	OND	39	H	   0.000	   1.700	250.
42	OND	40	H	   0.000	   1.700	250.
42	OND	44	H	   0.000	   1.700	250.
42	OND	45	H	   0.000	   1.700	250.
42	OND	46	H	   0.000	   1.700	250.
42	OND	47	H	   0.000	   1.700	250.
42	OND	48	H	   0.773	   1.773	250.
42	OND	49	H	   0.978	   1.978	250.
42	OND	50	H	   1.207	   2.207	250.
42	OND	52	H	   1.424	   2.424	250.
42	OND	53	H	   1.500	 999.000	250.
42	OND	54	H	   1.500	 999.000	250.
42	OND	56	H	   1.500	 999.000	250.
42	OND	57	H	   1.500	 999.000	250.
42	OND	58	H	   1.500	 999.000	250.
42	OND	61	H	   1.500	 999.000	250.
42	OND	62	H	   1.500	 999.000	250.
42	OND	63	H	   1.436	   2.436	250.
42	OND	64	H	   1.500	 999.000	250.
42	OND	69	H	   1.500	 999.000	250.
42	OND	70	H	   1.500	 999.000	250.
42	OND	80	H	   1.500	 999.000	250.
42	OND	81	H	   1.467	   2.467	250.
42	OND	84	H	   1.500	 999.000	250.
42	OND	85	H	   1.500	 999.000	250.
42	OND	87	H	   1.500	 999.000	250.
42	OND	89	H	   1.446	   2.446	250.
42	OND	91	H	   1.178	   2.178	250.
42	OND	92	H	   1.259	   2.259	250.
42	OND	93	H	   1.296	   2.296	250.
42	OND	94	H	   1.222	   2.222	250.
42	OND	95	H	   1.239	   2.239	250.
42	OND	96	H	   1.243	   2.243	250.
42	OND	97	H	   1.500	 999.000	250.
42	OND	98	H	   1.500	 999.000	250.
42	OND	100	H	   1.500	 999.000	250.
42	OND	101	H	   1.500	 999.000	250.
42	OND	102	H	   1.500	 999.000	250.
42	OND	103	H	   1.358	   2.358	250.
42	OND	104	H	   1.344	   2.344	250.
42	OND	105	H	   1.432	   2.432	250.
42	OND	106	H	   1.500	 999.000	250.
42	OND	109	H	   1.500	   2.500	250.
42	OND	110	H	   1.404	   2.404	250.
42	OND	111	H	   1.119	   2.119	250.
42	OND	112	H	   1.178	   2.178	250.
42	OND	113	H	   1.346	   2.346	250.
42	OND	114	H	   1.500	 999.000	250.
42	OND	116	H	   1.500	 999.000	250.
42	OND	117	H	   1.500	 999.000	250.
42	OND	118	H	   1.350	   2.350	250.
42	OND	119	H	   1.491	   2.491	250.
42	OND	120	H	   1.500	 999.000	250.
42	OND	121	H	   1.500	 999.000	250.
42	OND	122	H	   1.500	 999.000	250.
42	OND	123	H	   1.500	 999.000	250.
42	OND	126	H	   1.500	 999.000	250.
42	OND	127	H	   1.500	 999.000	250.
42	OND	128	H	   1.500	 999.000	250.
42	OND	129	H	   1.500	 999.000	250.
42	OND	130	H	   1.500	 999.000	250.
42	OND	131	H	   1.500	 999.000	250.
42	OND	132	H	   1.500	 999.000	250.
42	OND	133	H	   1.500	 999.000	250.
42	OND	134	H	   1.500	 999.000	250.
42	OND	136	H	   1.500	 999.000	250.
42	OND	137	H	   1.500	 999.000	250.
42	OND	138	H	   1.500	 999.000	250.
42	OND	139	H	   1.500	 999.000	250.
42	OND	144	H	   1.500	 999.000	250.
42	OND	145	H	   1.352	   2.352	250.
42	OND	146	H	   1.500	 999.000	250.
