53	OND	10	H	   1.500	 999.000	250.
53	OND	11	H	   1.500	 999.000	250.
53	OND	12	H	   1.500	 999.000	250.
53	OND	13	H	   1.500	 999.000	250.
53	OND	16	H	   1.500	 999.000	250.
53	OND	18	H	   1.500	 999.000	250.
53	OND	19	H	   1.500	 999.000	250.
53	OND	20	H	   1.500	 999.000	250.
53	OND	21	H	   1.500	 999.000	250.
53	OND	22	H	   1.500	 999.000	250.
53	OND	24	H	   1.500	 999.000	250.
53	OND	25	H	   1.500	 999.000	250.
53	OND	26	H	   1.500	 999.000	250.
53	OND	27	H	   1.187	   2.187	250.
53	OND	28	H	   1.149	   2.149	250.
53	OND	29	H	   0.919	   1.919	250.
53	OND	30	H	   1.034	   2.034	250.
53	OND	31	H	   1.209	   2.209	250.
53	OND	33	H	   1.148	   2.148	250.
53	OND	34	H	   1.441	   2.441	250.
53	OND	35	H	   1.500	 999.000	250.
53	OND	36	H	   1.493	   2.493	250.
53	OND	37	H	   1.500	 999.000	250.
53	OND	39	H	   1.500	 999.000	250.
53	OND	40	H	   1.500	 999.000	250.
53	OND	44	H	   1.218	   2.218	250.
53	OND	45	H	   1.030	   2.030	250.
53	OND	46	H	   0.983	   1.983	250.
53	OND	47	H	   0.974	   1.974	250.
53	OND	48	H	   0.842	   1.842	250.
53	OND	49	H	   0.000	   1.700	250.
53	OND	50	H	   0.000	   1.700	250.
53	OND	52	H	   0.000	   1.700	250.
53	OND	54	H	   0.000	   1.700	250.
53	OND	55	H	   0.000	   1.700	250.
53	OND	56	H	   0.000	   1.700	250.
53	OND	57	H	   0.000	   1.700	250.
53	OND	58	H	   0.000	   1.700	250.
53	OND	59	H	   0.000	   1.700	250.
53	OND	60	H	   0.000	   1.700	250.
53	OND	61	H	   0.000	   1.700	250.
53	OND	62	H	   0.000	   1.700	250.
53	OND	63	H	   0.950	   1.950	250.
53	OND	64	H	   1.088	   2.088	250.
53	OND	65	H	   1.473	   2.473	250.
53	OND	67	H	   1.154	   2.154	250.
53	OND	70	H	   1.445	   2.445	250.
53	OND	71	H	   1.446	   2.446	250.
53	OND	74	H	   1.500	 999.000	250.
53	OND	80	H	   1.500	 999.000	250.
53	OND	81	H	   1.438	   2.438	250.
53	OND	84	H	   1.500	 999.000	250.
53	OND	85	H	   1.500	 999.000	250.
53	OND	89	H	   1.500	 999.000	250.
53	OND	91	H	   1.500	 999.000	250.
53	OND	92	H	   1.500	 999.000	250.
53	OND	94	H	   1.500	 999.000	250.
53	OND	95	H	   1.500	 999.000	250.
53	OND	97	H	   1.500	 999.000	250.
53	OND	98	H	   1.500	 999.000	250.
53	OND	102	H	   1.500	 999.000	250.
53	OND	103	H	   1.500	 999.000	250.
53	OND	105	H	   1.500	 999.000	250.
53	OND	110	H	   1.500	 999.000	250.
53	OND	113	H	   1.500	 999.000	250.
53	OND	116	H	   1.500	 999.000	250.
53	OND	117	H	   1.500	 999.000	250.
53	OND	118	H	   1.453	   2.453	250.
53	OND	119	H	   1.500	 999.000	250.
53	OND	120	H	   1.500	 999.000	250.
53	OND	121	H	   1.500	 999.000	250.
53	OND	122	H	   1.500	 999.000	250.
53	OND	123	H	   1.500	 999.000	250.
53	OND	128	H	   1.500	 999.000	250.
53	OND	130	H	   1.500	 999.000	250.
53	OND	131	H	   1.500	 999.000	250.
53	OND	132	H	   1.500	 999.000	250.
53	OND	138	H	   1.500	 999.000	250.
53	OND	139	H	   1.500	 999.000	250.
53	OND	163	H	   1.500	 999.000	250.
53	OND	164	H	   1.500	 999.000	250.
53	OND	165	H	   1.500	 999.000	250.
53	OND	167	H	   1.500	 999.000	250.
53	OND	168	H	   1.500	 999.000	250.
53	OND	170	H	   1.500	 999.000	250.
53	OND	171	H	   1.192	   2.192	250.
53	OND	172	H	   1.459	   2.459	250.
