53	OND	27	H	   1.187	   2.187	250.
53	OND	28	H	   1.149	   2.149	250.
53	OND	29	H	   0.919	   1.919	250.
53	OND	30	H	   1.034	   2.034	250.
53	OND	31	H	   1.209	   2.209	250.
53	OND	33	H	   1.148	   2.148	250.
53	OND	34	H	   1.441	   2.441	250.
53	OND	36	H	   1.493	   2.493	250.
53	OND	44	H	   1.218	   2.218	250.
53	OND	45	H	   1.030	   2.030	250.
53	OND	46	H	   0.983	   1.983	250.
53	OND	47	H	   0.974	   1.974	250.
53	OND	48	H	   0.842	   1.842	250.
53	OND	63	H	   0.950	   1.950	250.
53	OND	64	H	   1.088	   2.088	250.
53	OND	65	H	   1.473	   2.473	250.
53	OND	67	H	   1.154	   2.154	250.
53	OND	70	H	   1.445	   2.445	250.
53	OND	71	H	   1.446	   2.446	250.
53	OND	81	H	   1.438	   2.438	250.
53	OND	118	H	   1.453	   2.453	250.
53	OND	171	H	   1.192	   2.192	250.
53	OND	172	H	   1.459	   2.459	250.
