53	OND	10	H	   1.500	 999.000	250.
53	OND	11	H	   1.500	 999.000	250.
53	OND	12	H	   1.500	 999.000	250.
53	OND	13	H	   1.500	 999.000	250.
53	OND	16	H	   1.500	 999.000	250.
53	OND	18	H	   1.500	 999.000	250.
53	OND	19	H	   1.500	 999.000	250.
53	OND	20	H	   1.500	 999.000	250.
53	OND	21	H	   1.500	 999.000	250.
53	OND	22	H	   1.500	 999.000	250.
53	OND	24	H	   1.500	 999.000	250.
53	OND	25	H	   1.500	 999.000	250.
53	OND	26	H	   1.500	 999.000	250.
53	OND	35	H	   1.500	 999.000	250.
53	OND	37	H	   1.500	 999.000	250.
53	OND	39	H	   1.500	 999.000	250.
53	OND	40	H	   1.500	 999.000	250.
53	OND	74	H	   1.500	 999.000	250.
53	OND	80	H	   1.500	 999.000	250.
53	OND	84	H	   1.500	 999.000	250.
53	OND	85	H	   1.500	 999.000	250.
53	OND	89	H	   1.500	 999.000	250.
53	OND	91	H	   1.500	 999.000	250.
53	OND	92	H	   1.500	 999.000	250.
53	OND	94	H	   1.500	 999.000	250.
53	OND	95	H	   1.500	 999.000	250.
53	OND	97	H	   1.500	 999.000	250.
53	OND	98	H	   1.500	 999.000	250.
53	OND	102	H	   1.500	 999.000	250.
53	OND	103	H	   1.500	 999.000	250.
53	OND	105	H	   1.500	 999.000	250.
53	OND	110	H	   1.500	 999.000	250.
53	OND	113	H	   1.500	 999.000	250.
53	OND	116	H	   1.500	 999.000	250.
53	OND	117	H	   1.500	 999.000	250.
53	OND	119	H	   1.500	 999.000	250.
53	OND	120	H	   1.500	 999.000	250.
53	OND	121	H	   1.500	 999.000	250.
53	OND	122	H	   1.500	 999.000	250.
53	OND	123	H	   1.500	 999.000	250.
53	OND	128	H	   1.500	 999.000	250.
53	OND	130	H	   1.500	 999.000	250.
53	OND	131	H	   1.500	 999.000	250.
53	OND	132	H	   1.500	 999.000	250.
53	OND	138	H	   1.500	 999.000	250.
53	OND	139	H	   1.500	 999.000	250.
53	OND	163	H	   1.500	 999.000	250.
53	OND	164	H	   1.500	 999.000	250.
53	OND	165	H	   1.500	 999.000	250.
53	OND	167	H	   1.500	 999.000	250.
53	OND	168	H	   1.500	 999.000	250.
53	OND	170	H	   1.500	 999.000	250.
