86	OND	9	H	   1.500	 999.000	250.
86	OND	10	H	   1.500	 999.000	250.
86	OND	12	H	   1.500	 999.000	250.
86	OND	14	H	   1.500	 999.000	250.
86	OND	15	H	   1.500	 999.000	250.
86	OND	17	H	   1.500	 999.000	250.
86	OND	19	H	   1.500	 999.000	250.
86	OND	20	H	   1.500	 999.000	250.
86	OND	21	H	   1.500	 999.000	250.
86	OND	23	H	   1.500	 999.000	250.
86	OND	25	H	   1.500	 999.000	250.
86	OND	29	H	   1.500	 999.000	250.
86	OND	33	H	   1.500	 999.000	250.
86	OND	34	H	   1.500	 999.000	250.
86	OND	35	H	   1.500	 999.000	250.
86	OND	37	H	   1.500	 999.000	250.
86	OND	39	H	   1.500	 999.000	250.
86	OND	40	H	   1.500	 999.000	250.
86	OND	44	H	   1.500	 999.000	250.
86	OND	46	H	   1.500	 999.000	250.
86	OND	47	H	   1.500	 999.000	250.
86	OND	48	H	   1.500	 999.000	250.
86	OND	52	H	   1.500	 999.000	250.
86	OND	54	H	   1.500	 999.000	250.
86	OND	56	H	   1.500	 999.000	250.
86	OND	58	H	   1.500	 999.000	250.
86	OND	59	H	   1.500	 999.000	250.
86	OND	61	H	   1.500	 999.000	250.
86	OND	63	H	   1.500	 999.000	250.
86	OND	65	H	   1.500	 999.000	250.
86	OND	67	H	   1.500	 999.000	250.
86	OND	69	H	   1.500	 999.000	250.
86	OND	102	H	   1.500	 999.000	250.
86	OND	105	H	   1.500	 999.000	250.
86	OND	106	H	   1.500	 999.000	250.
86	OND	110	H	   1.500	 999.000	250.
86	OND	111	H	   1.500	 999.000	250.
86	OND	112	H	   1.500	 999.000	250.
86	OND	113	H	   1.500	 999.000	250.
86	OND	116	H	   1.500	 999.000	250.
86	OND	117	H	   1.500	 999.000	250.
86	OND	121	H	   1.500	 999.000	250.
86	OND	122	H	   1.500	 999.000	250.
86	OND	123	H	   1.500	 999.000	250.
86	OND	126	H	   1.500	 999.000	250.
86	OND	127	H	   1.500	 999.000	250.
86	OND	128	H	   1.500	 999.000	250.
86	OND	129	H	   1.500	 999.000	250.
86	OND	132	H	   1.500	 999.000	250.
86	OND	133	H	   1.500	 999.000	250.
86	OND	134	H	   1.500	 999.000	250.
86	OND	136	H	   1.500	 999.000	250.
86	OND	139	H	   1.500	 999.000	250.
86	OND	141	H	   1.500	 999.000	250.
