      3         H             3         N   	    5.435       0	   1.500	36.5e3  0.5    1.0
      6         H             6         N         -12.703       0          1.500        36.5e3  0.5    1.0  
      7         H             7         N         -16.994       0          1.500        36.5e3  0.5    1.0  
      8         H             8         N         -17.041       0          1.500        36.5e3  0.5    1.0  
      9         H             9         N         -16.153       0          1.500        36.5e3  0.5    1.0  
      10        H             10        N         -13.648       0          1.500        36.5e3  0.5    1.0  
      11        H             11        N         -20.408       0          1.500        36.5e3  0.5    1.0  
      12        H             12        N         -15.986       0          1.500        36.5e3  0.5    1.0  
      13        H             13        N         -10.656       0          1.500        36.5e3  0.5    1.0  
      14        H             14        N         -13.987       0          1.500        36.5e3  0.5    1.0  
      15        H             15        N         -22.744       0          1.500        36.5e3  0.5    1.0  
      16        H             16        N         -15.482       0          1.500        36.5e3  0.5    1.0  
      17        H             17        N          -8.622       0          1.500        36.5e3  0.5    1.0  
      18        H             18        N         -18.944       0          1.500        36.5e3  0.5    1.0  
      19        H             19        N         -18.867       0          1.500        36.5e3  0.5    1.0  
      20        H             20        N          -6.525       0          1.500        36.5e3  0.5    1.0  
      21        H             21        N           3.372       0          1.500        36.5e3  0.5    1.0  
      22        H             22        N          -0.517       0          1.500        36.5e3  0.5    1.0  
      23        H             23        N           4.13        0          1.500        36.5e3  0.5    1.0  
      24        H             24        N          -1.943       0          1.500        36.5e3  0.5    1.0  
      25        H             25        N          10.668       0          1.500        36.5e3  0.5    1.0  
      26        H             26        N         -18.944       0          1.500        36.5e3  0.5    1.0  
      27        H             27        N         -15.146       0          1.500        36.5e3  0.5    1.0  
      28        H             28        N           1.088       0          1.500        36.5e3  0.5    1.0  
      29        H             29        N          18.064       0          1.500        36.5e3  0.5    1.0  
      30        H             30        N          24.377       0          1.500        36.5e3  0.5    1.0  
      31        H             31        N           8.995       0          1.500        36.5e3  0.5    1.0  
      32        H             32        N           7.392       0          1.500        36.5e3  0.5    1.0  
      33        H             33        N          17.129       0          1.500        36.5e3  0.5    1.0  
      34        H             34        N          10.011       0          1.500        36.5e3  0.5    1.0  
      36        H             36        N          19.124       0          1.500        36.5e3  0.5    1.0  
      37        H             37        N          12.968       0          1.500        36.5e3  0.5    1.0  
      38        H             38        N           5.229       0          1.500        36.5e3  0.5    1.0  
      39        H             39        N          15.9         0          1.500        36.5e3  0.5    1.0  
      40        H             40        N          -0.104       0          1.500        36.5e3  0.5    1.0  
      41        H             41        N          -1.905       0          1.500        36.5e3  0.5    1.0  
      42        H             42        N          -5.183       0          1.500        36.5e3  0.5    1.0  
      44        H             44        N         -15.38        0          1.500        36.5e3  0.5    1.0  
      45        H             45        N         -18.944       0          1.500        36.5e3  0.5    1.0  
      46        H             46        N         -11.846       0          1.500        36.5e3  0.5    1.0  
      47        H             47        N         -16.96        0          1.500        36.5e3  0.5    1.0  
      48        H             48        N         -17.265       0          1.500        36.5e3  0.5    1.0  
      49        H             49        N         -12.957       0          1.500        36.5e3  0.5    1.0  
      50        H             50        N         -10.375       0          1.500        36.5e3  0.5    1.0  
      51        H             51        N         -22.293       0          1.500        36.5e3  0.5    1.0  
      52        H             52        N         -18.944       0          1.500        36.5e3  0.5    1.0  
      53        H             53        N         -14.006       0          1.500        36.5e3  0.5    1.0  
      54        H             54        N          -7.239       0          1.500        36.5e3  0.5    1.0  
      55        H             55        N         -18.944       0          1.500        36.5e3  0.5    1.0  
      56        H             56        N          10.871       0          1.500        36.5e3  0.5    1.0  
      57        H             57        N          12.441       0          1.500        36.5e3  0.5    1.0  
      58        H             58        N           7.15        0          1.500        36.5e3  0.5    1.0  
      59        H             59        N          15.807       0          1.500        36.5e3  0.5    1.0  
      60        H             60        N           0.766       0          1.500        36.5e3  0.5    1.0  
      61        H             61        N         -19.216       0          1.500        36.5e3  0.5    1.0  
      62        H             62        N          -3.382       0          1.500        36.5e3  0.5    1.0  
      63        H             63        N         -11.31        0          1.500        36.5e3  0.5    1.0  
      64        H             64        N          -4.645       0          1.500        36.5e3  0.5    1.0  
      65        H             65        N           0.045       0          1.500        36.5e3  0.5    1.0  
      67        H             67        N          -9.047       0          1.500        36.5e3  0.5    1.0  
      68        H             68        N          -0.299       0          1.500        36.5e3  0.5    1.0  
      69        H             69        N          -0.268       0          1.500        36.5e3  0.5    1.0  
      70        H             70        N           6.144       0          1.500        36.5e3  0.5    1.0  
      71        H             71        N          -5.54        0          1.500        36.5e3  0.5    1.0  
      72        H             72        N          -2.264       0          1.500        36.5e3  0.5    1.0  
      73        H             73        N          10.407       0          1.500        36.5e3  0.5    1.0  
      74        H             74        N         -15.663       0          1.500        36.5e3  0.5    1.0  
      75        H             75        N           4.622       0          1.500        36.5e3  0.5    1.0  
      76        H             76        N           8.931       0          1.500        36.5e3  0.5    1.0  
      77        H             77        N           1.508       0          1.500        36.5e3  0.5    1.0  
      80        H             80        N         -12.587       0          1.500        36.5e3  0.5    1.0  
      81        H             81        N         -18.005       0          1.500        36.5e3  0.5    1.0  
      82        H             82        N         -14.263       0          1.500        36.5e3  0.5    1.0  
      83        H             83        N         -20.933       0          1.500        36.5e3  0.5    1.0  
      84        H             84        N         -21.221       0          1.500        36.5e3  0.5    1.0  
      85        H             85        N         -23.521       0          1.500        36.5e3  0.5    1.0  
      86        H             86        N         -12.788       0          1.500        36.5e3  0.5    1.0  
      87        H             87        N         -12.835       0          1.500        36.5e3  0.5    1.0  
      88        H             88        N         -23.211       0          1.500        36.5e3  0.5    1.0  
      89        H             89        N         -17.89        0          1.500        36.5e3  0.5    1.0  
      90        H             90        N         -10.19        0          1.500        36.5e3  0.5    1.0  
      91        H             91        N         -16.748       0          1.500        36.5e3  0.5    1.0  
      92        H             92        N         -19.535       0          1.500        36.5e3  0.5    1.0  
      93        H             93        N         -10.052       0          1.500        36.5e3  0.5    1.0  
      94        H             94        N           0.421       0          1.500        36.5e3  0.5    1.0  
      95        H             95        N           3.157       0          1.500        36.5e3  0.5    1.0  
      96        H             96        N           4.513       0          1.500        36.5e3  0.5    1.0  
      97        H             97        N          -4.613       0          1.500        36.5e3  0.5    1.0  
      98        H             98        N          16.19        0          1.500        36.5e3  0.5    1.0  
      99        H             99        N         -13.692       0          1.500        36.5e3  0.5    1.0  
      100       H             100       N         -15.929       0          1.500        36.5e3  0.5    1.0 
      101       H             101       N           3.929       0          1.500        36.5e3  0.5    1.0 
      102       H             102       N          19.45        0          1.500        36.5e3  0.5    1.0 
      103       H             103       N          16.616       0          1.500        36.5e3  0.5    1.0 
      104       H             104       N          13.604       0          1.500        36.5e3  0.5    1.0 
      105       H             105       N          18.426       0          1.500        36.5e3  0.5    1.0 
      106       H             106       N          18.399       0          1.500        36.5e3  0.5    1.0 
      107       H             107       N          10.674       0          1.500        36.5e3  0.5    1.0 
      109       H             109       N          20.776       0          1.500        36.5e3  0.5    1.0 
      110       H             110       N          16.071       0          1.500        36.5e3  0.5    1.0 
      111       H             111       N          11.231       0          1.500        36.5e3  0.5    1.0 
      112       H             112       N          15.974       0          1.500        36.5e3  0.5    1.0 
      113       H             113       N           4.129       0          1.500        36.5e3  0.5    1.0 
      114       H             114       N           0.945       0          1.500        36.5e3  0.5    1.0 
      115       H             115       N          -2.124       0          1.500        36.5e3  0.5    1.0 
      116       H             116       N          -7.109       0          1.500        36.5e3  0.5    1.0 
      117       H             117       N         -14.568       0          1.500        36.5e3  0.5    1.0 
      118       H             118       N         -18.944       0          1.500        36.5e3  0.5    1.0 
      119       H             119       N          -9.973       0          1.500        36.5e3  0.5    1.0 
      120       H             120       N         -12.913       0          1.500        36.5e3  0.5    1.0 
      121       H             121       N         -21.359       0          1.500        36.5e3  0.5    1.0 
      122       H             122       N         -13.325       0          1.500        36.5e3  0.5    1.0 
      123       H             123       N          -8.409       0          1.500        36.5e3  0.5    1.0 
      124       H             124       N         -11.24        0          1.500        36.5e3  0.5    1.0 
      126       H             126       N         -13.678       0          1.500        36.5e3  0.5    1.0 
      127       H             127       N          -7.085       0          1.500        36.5e3  0.5    1.0 
      128       H             128       N         -18.944       0          1.500        36.5e3  0.5    1.0 
      129       H             129       N          -6.776       0          1.500        36.5e3  0.5    1.0 
      130       H             130       N          10.084       0          1.500        36.5e3  0.5    1.0 
      131       H             131       N          10.442       0          1.500        36.5e3  0.5    1.0 
      133       H             133       N          -1.652       0          1.500        36.5e3  0.5    1.0 
      134       H             134       N         -17.897       0          1.500        36.5e3  0.5    1.0 
      135       H             135       N          -4.55        0          1.500        36.5e3  0.5    1.0 
      136       H             136       N         -10.605       0          1.500        36.5e3  0.5    1.0 
      137       H             137       N           0.348       0          1.500        36.5e3  0.5    1.0 
      138       H             138       N           2.122       0          1.500        36.5e3  0.5    1.0 
      139       H             139       N           5.115       0          1.500        36.5e3  0.5    1.0 
      140       H             140       N          -4.547       0          1.500        36.5e3  0.5    1.0 
      141       H             141       N          -1.015       0          1.500        36.5e3  0.5    1.0 
      142       H             142       N          20.507       0          1.500        36.5e3  0.5    1.0 
      143       H             143       N           4.949       0          1.500        36.5e3  0.5    1.0 
      144       H             144       N          -4.928       0          1.500        36.5e3  0.5    1.0 
      145       H             145       N           5.372       0          1.500        36.5e3  0.5    1.0 
      146       H             146       N          16.114       0          1.500        36.5e3  0.5    1.0 
      155       H             155       N           2.524       0          1.500        36.5e3  0.5    1.0 
      156       H             156       N           8.314       0          1.500        36.5e3  0.5    1.0 
      157       H             157       N          11.258       0          1.500        36.5e3  0.5    1.0 
      158       H             158       N          -0.288       0          1.500        36.5e3  0.5    1.0 
      159       H             159       N           7.037       0          1.500        36.5e3  0.5    1.0 
      160       H             160       N           9.768       0          1.500        36.5e3  0.5    1.0 
      161       H             161       N          13.895       0          1.500        36.5e3  0.5    1.0 
      162       H             162       N           8.256       0          1.500        36.5e3  0.5    1.0 
      163       H             163       N           4.887       0          1.500        36.5e3  0.5    1.0 
      165       H             165       N          14.434       0          1.500        36.5e3  0.5    1.0 
      166       H             166       N           6.477       0          1.500        36.5e3  0.5    1.0 
      167       H             167       N           4.089       0          1.500        36.5e3  0.5    1.0 
      168       H             168       N          14.158       0          1.500        36.5e3  0.5    1.0 
      169       H             169       N          13.428       0          1.500        36.5e3  0.5    1.0 
      170       H             170       N           3.599       0          1.500        36.5e3  0.5    1.0 
      171       H             171       N          -4.652       0          1.500        36.5e3  0.5    1.0 
      172       H             172       N          14.526       0          1.500        36.5e3  0.5    1.0 
      173       H             173       N          -1.792       0          1.500        36.5e3  0.5    1.0 
